angular artistic attention-grabbing attractive bad boring calm capitals charming clumsy complex cursive delicate disorderly display dramatic formal fresh friendly gentle graceful happy italic legible modern monospace playful pretentious serif sharp sloppy soft strong technical thin warm wide
Acme-Regular/10.png  26.48  32.19  53.55  62.69  13.32  41.52  75.72  0  64.08  26.8  28.06  4.3  41.28  13.43  7.46  38.43  73.39  91.8  80.55  89.3  61.98  47.21  9.34  89.24  42.18  0  36.56  42.21  9.43  59.17  20.8  64.95  64.78  34.69  34.05  76.23  45.18
Acme-Regular/11.png  26.48  32.19  53.55  62.69  13.32  41.52  75.72  0  64.08  26.8  28.06  4.3  41.28  13.43  7.46  38.43  73.39  91.8  80.55  89.3  61.98  47.21  9.34  89.24  42.18  0  36.56  42.21  9.43  59.17  20.8  64.95  64.78  34.69  34.05  76.23  45.18
Acme-Regular/12.png  26.48  32.19  53.55  62.69  13.32  41.52  75.72  0  64.08  26.8  28.06  4.3  41.28  13.43  7.46  38.43  73.39  91.8  80.55  89.3  61.98  47.21  9.34  89.24  42.18  0  36.56  42.21  9.43  59.17  20.8  64.95  64.78  34.69  34.05  76.23  45.18
Acme-Regular/13.png  26.48  32.19  53.55  62.69  13.32  41.52  75.72  0  64.08  26.8  28.06  4.3  41.28  13.43  7.46  38.43  73.39  91.8  80.55  89.3  61.98  47.21  9.34  89.24  42.18  0  36.56  42.21  9.43  59.17  20.8  64.95  64.78  34.69  34.05  76.23  45.18
Acme-Regular/14.png  26.48  32.19  53.55  62.69  13.32  41.52  75.72  0  64.08  26.8  28.06  4.3  41.28  13.43  7.46  38.43  73.39  91.8  80.55  89.3  61.98  47.21  9.34  89.24  42.18  0  36.56  42.21  9.43  59.17  20.8  64.95  64.78  34.69  34.05  76.23  45.18
Acme-Regular/15.png  26.48  32.19  53.55  62.69  13.32  41.52  75.72  0  64.08  26.8  28.06  4.3  41.28  13.43  7.46  38.43  73.39  91.8  80.55  89.3  61.98  47.21  9.34  89.24  42.18  0  36.56  42.21  9.43  59.17  20.8  64.95  64.78  34.69  34.05  76.23  45.18
Acme-Regular/16.png  26.48  32.19  53.55  62.69  13.32  41.52  75.72  0  64.08  26.8  28.06  4.3  41.28  13.43  7.46  38.43  73.39  91.8  80.55  89.3  61.98  47.21  9.34  89.24  42.18  0  36.56  42.21  9.43  59.17  20.8  64.95  64.78  34.69  34.05  76.23  45.18
Acme-Regular/17.png  26.48  32.19  53.55  62.69  13.32  41.52  75.72  0  64.08  26.8  28.06  4.3  41.28  13.43  7.46  38.43  73.39  91.8  80.55  89.3  61.98  47.21  9.34  89.24  42.18  0  36.56  42.21  9.43  59.17  20.8  64.95  64.78  34.69  34.05  76.23  45.18
Acme-Regular/18.png  26.48  32.19  53.55  62.69  13.32  41.52  75.72  0  64.08  26.8  28.06  4.3  41.28  13.43  7.46  38.43  73.39  91.8  80.55  89.3  61.98  47.21  9.34  89.24  42.18  0  36.56  42.21  9.43  59.17  20.8  64.95  64.78  34.69  34.05  76.23  45.18
Acme-Regular/19.png  26.48  32.19  53.55  62.69  13.32  41.52  75.72  0  64.08  26.8  28.06  4.3  41.28  13.43  7.46  38.43  73.39  91.8  80.55  89.3  61.98  47.21  9.34  89.24  42.18  0  36.56  42.21  9.43  59.17  20.8  64.95  64.78  34.69  34.05  76.23  45.18
Acme-Regular/20.png  26.48  32.19  53.55  62.69  13.32  41.52  75.72  0  64.08  26.8  28.06  4.3  41.28  13.43  7.46  38.43  73.39  91.8  80.55  89.3  61.98  47.21  9.34  89.24  42.18  0  36.56  42.21  9.43  59.17  20.8  64.95  64.78  34.69  34.05  76.23  45.18
Acme-Regular/21.png  26.48  32.19  53.55  62.69  13.32  41.52  75.72  0  64.08  26.8  28.06  4.3  41.28  13.43  7.46  38.43  73.39  91.8  80.55  89.3  61.98  47.21  9.34  89.24  42.18  0  36.56  42.21  9.43  59.17  20.8  64.95  64.78  34.69  34.05  76.23  45.18
Acme-Regular/22.png  26.48  32.19  53.55  62.69  13.32  41.52  75.72  0  64.08  26.8  28.06  4.3  41.28  13.43  7.46  38.43  73.39  91.8  80.55  89.3  61.98  47.21  9.34  89.24  42.18  0  36.56  42.21  9.43  59.17  20.8  64.95  64.78  34.69  34.05  76.23  45.18
Acme-Regular/23.png  26.48  32.19  53.55  62.69  13.32  41.52  75.72  0  64.08  26.8  28.06  4.3  41.28  13.43  7.46  38.43  73.39  91.8  80.55  89.3  61.98  47.21  9.34  89.24  42.18  0  36.56  42.21  9.43  59.17  20.8  64.95  64.78  34.69  34.05  76.23  45.18
Acme-Regular/24.png  26.48  32.19  53.55  62.69  13.32  41.52  75.72  0  64.08  26.8  28.06  4.3  41.28  13.43  7.46  38.43  73.39  91.8  80.55  89.3  61.98  47.21  9.34  89.24  42.18  0  36.56  42.21  9.43  59.17  20.8  64.95  64.78  34.69  34.05  76.23  45.18
Acme-Regular/25.png  26.48  32.19  53.55  62.69  13.32  41.52  75.72  0  64.08  26.8  28.06  4.3  41.28  13.43  7.46  38.43  73.39  91.8  80.55  89.3  61.98  47.21  9.34  89.24  42.18  0  36.56  42.21  9.43  59.17  20.8  64.95  64.78  34.69  34.05  76.23  45.18
Acme-Regular/26.png  26.48  32.19  53.55  62.69  13.32  41.52  75.72  0  64.08  26.8  28.06  4.3  41.28  13.43  7.46  38.43  73.39  91.8  80.55  89.3  61.98  47.21  9.34  89.24  42.18  0  36.56  42.21  9.43  59.17  20.8  64.95  64.78  34.69  34.05  76.23  45.18
Acme-Regular/27.png  26.48  32.19  53.55  62.69  13.32  41.52  75.72  0  64.08  26.8  28.06  4.3  41.28  13.43  7.46  38.43  73.39  91.8  80.55  89.3  61.98  47.21  9.34  89.24  42.18  0  36.56  42.21  9.43  59.17  20.8  64.95  64.78  34.69  34.05  76.23  45.18
Acme-Regular/28.png  26.48  32.19  53.55  62.69  13.32  41.52  75.72  0  64.08  26.8  28.06  4.3  41.28  13.43  7.46  38.43  73.39  91.8  80.55  89.3  61.98  47.21  9.34  89.24  42.18  0  36.56  42.21  9.43  59.17  20.8  64.95  64.78  34.69  34.05  76.23  45.18
Acme-Regular/29.png  26.48  32.19  53.55  62.69  13.32  41.52  75.72  0  64.08  26.8  28.06  4.3  41.28  13.43  7.46  38.43  73.39  91.8  80.55  89.3  61.98  47.21  9.34  89.24  42.18  0  36.56  42.21  9.43  59.17  20.8  64.95  64.78  34.69  34.05  76.23  45.18
Acme-Regular/30.png  26.48  32.19  53.55  62.69  13.32  41.52  75.72  0  64.08  26.8  28.06  4.3  41.28  13.43  7.46  38.43  73.39  91.8  80.55  89.3  61.98  47.21  9.34  89.24  42.18  0  36.56  42.21  9.43  59.17  20.8  64.95  64.78  34.69  34.05  76.23  45.18
Acme-Regular/31.png  26.48  32.19  53.55  62.69  13.32  41.52  75.72  0  64.08  26.8  28.06  4.3  41.28  13.43  7.46  38.43  73.39  91.8  80.55  89.3  61.98  47.21  9.34  89.24  42.18  0  36.56  42.21  9.43  59.17  20.8  64.95  64.78  34.69  34.05  76.23  45.18
Acme-Regular/32.png  26.48  32.19  53.55  62.69  13.32  41.52  75.72  0  64.08  26.8  28.06  4.3  41.28  13.43  7.46  38.43  73.39  91.8  80.55  89.3  61.98  47.21  9.34  89.24  42.18  0  36.56  42.21  9.43  59.17  20.8  64.95  64.78  34.69  34.05  76.23  45.18
Acme-Regular/33.png  26.48  32.19  53.55  62.69  13.32  41.52  75.72  0  64.08  26.8  28.06  4.3  41.28  13.43  7.46  38.43  73.39  91.8  80.55  89.3  61.98  47.21  9.34  89.24  42.18  0  36.56  42.21  9.43  59.17  20.8  64.95  64.78  34.69  34.05  76.23  45.18
Acme-Regular/34.png  26.48  32.19  53.55  62.69  13.32  41.52  75.72  0  64.08  26.8  28.06  4.3  41.28  13.43  7.46  38.43  73.39  91.8  80.55  89.3  61.98  47.21  9.34  89.24  42.18  0  36.56  42.21  9.43  59.17  20.8  64.95  64.78  34.69  34.05  76.23  45.18
Acme-Regular/35.png  26.48  32.19  53.55  62.69  13.32  41.52  75.72  0  64.08  26.8  28.06  4.3  41.28  13.43  7.46  38.43  73.39  91.8  80.55  89.3  61.98  47.21  9.34  89.24  42.18  0  36.56  42.21  9.43  59.17  20.8  64.95  64.78  34.69  34.05  76.23  45.18
Acme-Regular/36.png  26.48  32.19  53.55  62.69  13.32  41.52  75.72  0  64.08  26.8  28.06  4.3  41.28  13.43  7.46  38.43  73.39  91.8  80.55  89.3  61.98  47.21  9.34  89.24  42.18  0  36.56  42.21  9.43  59.17  20.8  64.95  64.78  34.69  34.05  76.23  45.18
Acme-Regular/37.png  26.48  32.19  53.55  62.69  13.32  41.52  75.72  0  64.08  26.8  28.06  4.3  41.28  13.43  7.46  38.43  73.39  91.8  80.55  89.3  61.98  47.21  9.34  89.24  42.18  0  36.56  42.21  9.43  59.17  20.8  64.95  64.78  34.69  34.05  76.23  45.18
Acme-Regular/38.png  26.48  32.19  53.55  62.69  13.32  41.52  75.72  0  64.08  26.8  28.06  4.3  41.28  13.43  7.46  38.43  73.39  91.8  80.55  89.3  61.98  47.21  9.34  89.24  42.18  0  36.56  42.21  9.43  59.17  20.8  64.95  64.78  34.69  34.05  76.23  45.18
Acme-Regular/39.png  26.48  32.19  53.55  62.69  13.32  41.52  75.72  0  64.08  26.8  28.06  4.3  41.28  13.43  7.46  38.43  73.39  91.8  80.55  89.3  61.98  47.21  9.34  89.24  42.18  0  36.56  42.21  9.43  59.17  20.8  64.95  64.78  34.69  34.05  76.23  45.18
Acme-Regular/40.png  26.48  32.19  53.55  62.69  13.32  41.52  75.72  0  64.08  26.8  28.06  4.3  41.28  13.43  7.46  38.43  73.39  91.8  80.55  89.3  61.98  47.21  9.34  89.24  42.18  0  36.56  42.21  9.43  59.17  20.8  64.95  64.78  34.69  34.05  76.23  45.18
Acme-Regular/41.png  26.48  32.19  53.55  62.69  13.32  41.52  75.72  0  64.08  26.8  28.06  4.3  41.28  13.43  7.46  38.43  73.39  91.8  80.55  89.3  61.98  47.21  9.34  89.24  42.18  0  36.56  42.21  9.43  59.17  20.8  64.95  64.78  34.69  34.05  76.23  45.18
Acme-Regular/42.png  26.48  32.19  53.55  62.69  13.32  41.52  75.72  0  64.08  26.8  28.06  4.3  41.28  13.43  7.46  38.43  73.39  91.8  80.55  89.3  61.98  47.21  9.34  89.24  42.18  0  36.56  42.21  9.43  59.17  20.8  64.95  64.78  34.69  34.05  76.23  45.18
Acme-Regular/43.png  26.48  32.19  53.55  62.69  13.32  41.52  75.72  0  64.08  26.8  28.06  4.3  41.28  13.43  7.46  38.43  73.39  91.8  80.55  89.3  61.98  47.21  9.34  89.24  42.18  0  36.56  42.21  9.43  59.17  20.8  64.95  64.78  34.69  34.05  76.23  45.18
Acme-Regular/44.png  26.48  32.19  53.55  62.69  13.32  41.52  75.72  0  64.08  26.8  28.06  4.3  41.28  13.43  7.46  38.43  73.39  91.8  80.55  89.3  61.98  47.21  9.34  89.24  42.18  0  36.56  42.21  9.43  59.17  20.8  64.95  64.78  34.69  34.05  76.23  45.18
Acme-Regular/45.png  26.48  32.19  53.55  62.69  13.32  41.52  75.72  0  64.08  26.8  28.06  4.3  41.28  13.43  7.46  38.43  73.39  91.8  80.55  89.3  61.98  47.21  9.34  89.24  42.18  0  36.56  42.21  9.43  59.17  20.8  64.95  64.78  34.69  34.05  76.23  45.18
Acme-Regular/46.png  26.48  32.19  53.55  62.69  13.32  41.52  75.72  0  64.08  26.8  28.06  4.3  41.28  13.43  7.46  38.43  73.39  91.8  80.55  89.3  61.98  47.21  9.34  89.24  42.18  0  36.56  42.21  9.43  59.17  20.8  64.95  64.78  34.69  34.05  76.23  45.18
Acme-Regular/47.png  26.48  32.19  53.55  62.69  13.32  41.52  75.72  0  64.08  26.8  28.06  4.3  41.28  13.43  7.46  38.43  73.39  91.8  80.55  89.3  61.98  47.21  9.34  89.24  42.18  0  36.56  42.21  9.43  59.17  20.8  64.95  64.78  34.69  34.05  76.23  45.18
Acme-Regular/48.png  26.48  32.19  53.55  62.69  13.32  41.52  75.72  0  64.08  26.8  28.06  4.3  41.28  13.43  7.46  38.43  73.39  91.8  80.55  89.3  61.98  47.21  9.34  89.24  42.18  0  36.56  42.21  9.43  59.17  20.8  64.95  64.78  34.69  34.05  76.23  45.18
Acme-Regular/49.png  26.48  32.19  53.55  62.69  13.32  41.52  75.72  0  64.08  26.8  28.06  4.3  41.28  13.43  7.46  38.43  73.39  91.8  80.55  89.3  61.98  47.21  9.34  89.24  42.18  0  36.56  42.21  9.43  59.17  20.8  64.95  64.78  34.69  34.05  76.23  45.18
Acme-Regular/50.png  26.48  32.19  53.55  62.69  13.32  41.52  75.72  0  64.08  26.8  28.06  4.3  41.28  13.43  7.46  38.43  73.39  91.8  80.55  89.3  61.98  47.21  9.34  89.24  42.18  0  36.56  42.21  9.43  59.17  20.8  64.95  64.78  34.69  34.05  76.23  45.18
Acme-Regular/51.png  26.48  32.19  53.55  62.69  13.32  41.52  75.72  0  64.08  26.8  28.06  4.3  41.28  13.43  7.46  38.43  73.39  91.8  80.55  89.3  61.98  47.21  9.34  89.24  42.18  0  36.56  42.21  9.43  59.17  20.8  64.95  64.78  34.69  34.05  76.23  45.18
Acme-Regular/52.png  26.48  32.19  53.55  62.69  13.32  41.52  75.72  0  64.08  26.8  28.06  4.3  41.28  13.43  7.46  38.43  73.39  91.8  80.55  89.3  61.98  47.21  9.34  89.24  42.18  0  36.56  42.21  9.43  59.17  20.8  64.95  64.78  34.69  34.05  76.23  45.18
Acme-Regular/53.png  26.48  32.19  53.55  62.69  13.32  41.52  75.72  0  64.08  26.8  28.06  4.3  41.28  13.43  7.46  38.43  73.39  91.8  80.55  89.3  61.98  47.21  9.34  89.24  42.18  0  36.56  42.21  9.43  59.17  20.8  64.95  64.78  34.69  34.05  76.23  45.18
Acme-Regular/54.png  26.48  32.19  53.55  62.69  13.32  41.52  75.72  0  64.08  26.8  28.06  4.3  41.28  13.43  7.46  38.43  73.39  91.8  80.55  89.3  61.98  47.21  9.34  89.24  42.18  0  36.56  42.21  9.43  59.17  20.8  64.95  64.78  34.69  34.05  76.23  45.18
Acme-Regular/55.png  26.48  32.19  53.55  62.69  13.32  41.52  75.72  0  64.08  26.8  28.06  4.3  41.28  13.43  7.46  38.43  73.39  91.8  80.55  89.3  61.98  47.21  9.34  89.24  42.18  0  36.56  42.21  9.43  59.17  20.8  64.95  64.78  34.69  34.05  76.23  45.18
Acme-Regular/56.png  26.48  32.19  53.55  62.69  13.32  41.52  75.72  0  64.08  26.8  28.06  4.3  41.28  13.43  7.46  38.43  73.39  91.8  80.55  89.3  61.98  47.21  9.34  89.24  42.18  0  36.56  42.21  9.43  59.17  20.8  64.95  64.78  34.69  34.05  76.23  45.18
Acme-Regular/57.png  26.48  32.19  53.55  62.69  13.32  41.52  75.72  0  64.08  26.8  28.06  4.3  41.28  13.43  7.46  38.43  73.39  91.8  80.55  89.3  61.98  47.21  9.34  89.24  42.18  0  36.56  42.21  9.43  59.17  20.8  64.95  64.78  34.69  34.05  76.23  45.18
Acme-Regular/58.png  26.48  32.19  53.55  62.69  13.32  41.52  75.72  0  64.08  26.8  28.06  4.3  41.28  13.43  7.46  38.43  73.39  91.8  80.55  89.3  61.98  47.21  9.34  89.24  42.18  0  36.56  42.21  9.43  59.17  20.8  64.95  64.78  34.69  34.05  76.23  45.18
Acme-Regular/59.png  26.48  32.19  53.55  62.69  13.32  41.52  75.72  0  64.08  26.8  28.06  4.3  41.28  13.43  7.46  38.43  73.39  91.8  80.55  89.3  61.98  47.21  9.34  89.24  42.18  0  36.56  42.21  9.43  59.17  20.8  64.95  64.78  34.69  34.05  76.23  45.18
Acme-Regular/60.png  26.48  32.19  53.55  62.69  13.32  41.52  75.72  0  64.08  26.8  28.06  4.3  41.28  13.43  7.46  38.43  73.39  91.8  80.55  89.3  61.98  47.21  9.34  89.24  42.18  0  36.56  42.21  9.43  59.17  20.8  64.95  64.78  34.69  34.05  76.23  45.18
Acme-Regular/61.png  26.48  32.19  53.55  62.69  13.32  41.52  75.72  0  64.08  26.8  28.06  4.3  41.28  13.43  7.46  38.43  73.39  91.8  80.55  89.3  61.98  47.21  9.34  89.24  42.18  0  36.56  42.21  9.43  59.17  20.8  64.95  64.78  34.69  34.05  76.23  45.18
Actor-Regular/10.png  1  1  1  1  1  1  1  1  1  1  1  1  1  1  1  1  1  1  1  1  1  1  1  1  1  1  1  1  1  1  1  1  1  1  1  1  1
Actor-Regular/11.png  1  1  1  1  1  1  1  1  1  1  1  1  1  1  1  1  1  1  1  1  1  1  1  1  1  1  1  1  1  1  1  1  1  1  1  1  1
Actor-Regular/12.png  1  1  1  1  1  1  1  1  1  1  1  1  1  1  1  1  1  1  1  1  1  1  1  1  1  1  1  1  1  1  1  1  1  1  1  1  1
Actor-Regular/13.png  1  1  1  1  1  1  1  1  1  1  1  1  1  1  1  1  1  1  1  1  1  1  1  1  1  1  1  1  1  1  1  1  1  1  1  1  1
Actor-Regular/14.png  1  1  1  1  1  1  1  1  1  1  1  1  1  1  1  1  1  1  1  1  1  1  1  1  1  1  1  1  1  1  1  1  1  1  1  1  1
Actor-Regular/15.png  1  1  1  1  1  1  1  1  1  1  1  1  1  1  1  1  1  1  1  1  1  1  1  1  1  1  1  1  1  1  1  1  1  1  1  1  1
Actor-Regular/16.png  1  1  1  1  1  1  1  1  1  1  1  1  1  1  1  1  1  1  1  1  1  1  1  1  1  1  1  1  1  1  1  1  1  1  1  1  1
Actor-Regular/17.png  1  1  1  1  1  1  1  1  1  1  1  1  1  1  1  1  1  1  1  1  1  1  1  1  1  1  1  1  1  1  1  1  1  1  1  1  1
Actor-Regular/18.png  1  1  1  1  1  1  1  1  1  1  1  1  1  1  1  1  1  1  1  1  1  1  1  1  1  1  1  1  1  1  1  1  1  1  1  1  1
Actor-Regular/19.png  1  1  1  1  1  1  1  1  1  1  1  1  1  1  1  1  1  1  1  1  1  1  1  1  1  1  1  1  1  1  1  1  1  1  1  1  1
Actor-Regular/20.png  1  1  1  1  1  1  1  1  1  1  1  1  1  1  1  1  1  1  1  1  1  1  1  1  1  1  1  1  1  1  1  1  1  1  1  1  1
Actor-Regular/21.png  1  1  1  1  1  1  1  1  1  1  1  1  1  1  1  1  1  1  1  1  1  1  1  1  1  1  1  1  1  1  1  1  1  1  1  1  1
Actor-Regular/22.png  1  1  1  1  1  1  1  1  1  1  1  1  1  1  1  1  1  1  1  1  1  1  1  1  1  1  1  1  1  1  1  1  1  1  1  1  1
Actor-Regular/23.png  1  1  1  1  1  1  1  1  1  1  1  1  1  1  1  1  1  1  1  1  1  1  1  1  1  1  1  1  1  1  1  1  1  1  1  1  1
Actor-Regular/24.png  1  1  1  1  1  1  1  1  1  1  1  1  1  1  1  1  1  1  1  1  1  1  1  1  1  1  1  1  1  1  1  1  1  1  1  1  1
Actor-Regular/25.png  1  1  1  1  1  1  1  1  1  1  1  1  1  1  1  1  1  1  1  1  1  1  1  1  1  1  1  1  1  1  1  1  1  1  1  1  1
Actor-Regular/26.png  1  1  1  1  1  1  1  1  1  1  1  1  1  1  1  1  1  1  1  1  1  1  1  1  1  1  1  1  1  1  1  1  1  1  1  1  1
Actor-Regular/27.png  1  1  1  1  1  1  1  1  1  1  1  1  1  1  1  1  1  1  1  1  1  1  1  1  1  1  1  1  1  1  1  1  1  1  1  1  1
Actor-Regular/28.png  1  1  1  1  1  1  1  1  1  1  1  1  1  1  1  1  1  1  1  1  1  1  1  1  1  1  1  1  1  1  1  1  1  1  1  1  1
Actor-Regular/29.png  1  1  1  1  1  1  1  1  1  1  1  1  1  1  1  1  1  1  1  1  1  1  1  1  1  1  1  1  1  1  1  1  1  1  1  1  1
Actor-Regular/30.png  1  1  1  1  1  1  1  1  1  1  1  1  1  1  1  1  1  1  1  1  1  1  1  1  1  1  1  1  1  1  1  1  1  1  1  1  1
Actor-Regular/31.png  1  1  1  1  1  1  1  1  1  1  1  1  1  1  1  1  1  1  1  1  1  1  1  1  1  1  1  1  1  1  1  1  1  1  1  1  1
Actor-Regular/32.png  1  1  1  1  1  1  1  1  1  1  1  1  1  1  1  1  1  1  1  1  1  1  1  1  1  1  1  1  1  1  1  1  1  1  1  1  1
Actor-Regular/33.png  1  1  1  1  1  1  1  1  1  1  1  1  1  1  1  1  1  1  1  1  1  1  1  1  1  1  1  1  1  1  1  1  1  1  1  1  1
Actor-Regular/34.png  1  1  1  1  1  1  1  1  1  1  1  1  1  1  1  1  1  1  1  1  1  1  1  1  1  1  1  1  1  1  1  1  1  1  1  1  1
Actor-Regular/35.png  1  1  1  1  1  1  1  1  1  1  1  1  1  1  1  1  1  1  1  1  1  1  1  1  1  1  1  1  1  1  1  1  1  1  1  1  1
Actor-Regular/36.png  1  1  1  1  1  1  1  1  1  1  1  1  1  1  1  1  1  1  1  1  1  1  1  1  1  1  1  1  1  1  1  1  1  1  1  1  1
Actor-Regular/37.png  1  1  1  1  1  1  1  1  1  1  1  1  1  1  1  1  1  1  1  1  1  1  1  1  1  1  1  1  1  1  1  1  1  1  1  1  1
Actor-Regular/38.png  1  1  1  1  1  1  1  1  1  1  1  1  1  1  1  1  1  1  1  1  1  1  1  1  1  1  1  1  1  1  1  1  1  1  1  1  1
Actor-Regular/39.png  1  1  1  1  1  1  1  1  1  1  1  1  1  1  1  1  1  1  1  1  1  1  1  1  1  1  1  1  1  1  1  1  1  1  1  1  1
Actor-Regular/40.png  1  1  1  1  1  1  1  1  1  1  1  1  1  1  1  1  1  1  1  1  1  1  1  1  1  1  1  1  1  1  1  1  1  1  1  1  1
Actor-Regular/41.png  1  1  1  1  1  1  1  1  1  1  1  1  1  1  1  1  1  1  1  1  1  1  1  1  1  1  1  1  1  1  1  1  1  1  1  1  1
Actor-Regular/42.png  1  1  1  1  1  1  1  1  1  1  1  1  1  1  1  1  1  1  1  1  1  1  1  1  1  1  1  1  1  1  1  1  1  1  1  1  1
Actor-Regular/43.png  1  1  1  1  1  1  1  1  1  1  1  1  1  1  1  1  1  1  1  1  1  1  1  1  1  1  1  1  1  1  1  1  1  1  1  1  1
Actor-Regular/44.png  1  1  1  1  1  1  1  1  1  1  1  1  1  1  1  1  1  1  1  1  1  1  1  1  1  1  1  1  1  1  1  1  1  1  1  1  1
Actor-Regular/45.png  1  1  1  1  1  1  1  1  1  1  1  1  1  1  1  1  1  1  1  1  1  1  1  1  1  1  1  1  1  1  1  1  1  1  1  1  1
Actor-Regular/46.png  1  1  1  1  1  1  1  1  1  1  1  1  1  1  1  1  1  1  1  1  1  1  1  1  1  1  1  1  1  1  1  1  1  1  1  1  1
Actor-Regular/47.png  1  1  1  1  1  1  1  1  1  1  1  1  1  1  1  1  1  1  1  1  1  1  1  1  1  1  1  1  1  1  1  1  1  1  1  1  1
Actor-Regular/48.png  1  1  1  1  1  1  1  1  1  1  1  1  1  1  1  1  1  1  1  1  1  1  1  1  1  1  1  1  1  1  1  1  1  1  1  1  1
Actor-Regular/49.png  1  1  1  1  1  1  1  1  1  1  1  1  1  1  1  1  1  1  1  1  1  1  1  1  1  1  1  1  1  1  1  1  1  1  1  1  1
Actor-Regular/50.png  1  1  1  1  1  1  1  1  1  1  1  1  1  1  1  1  1  1  1  1  1  1  1  1  1  1  1  1  1  1  1  1  1  1  1  1  1
Actor-Regular/51.png  1  1  1  1  1  1  1  1  1  1  1  1  1  1  1  1  1  1  1  1  1  1  1  1  1  1  1  1  1  1  1  1  1  1  1  1  1
Actor-Regular/52.png  1  1  1  1  1  1  1  1  1  1  1  1  1  1  1  1  1  1  1  1  1  1  1  1  1  1  1  1  1  1  1  1  1  1  1  1  1
Actor-Regular/53.png  1  1  1  1  1  1  1  1  1  1  1  1  1  1  1  1  1  1  1  1  1  1  1  1  1  1  1  1  1  1  1  1  1  1  1  1  1
Actor-Regular/54.png  1  1  1  1  1  1  1  1  1  1  1  1  1  1  1  1  1  1  1  1  1  1  1  1  1  1  1  1  1  1  1  1  1  1  1  1  1
Actor-Regular/55.png  1  1  1  1  1  1  1  1  1  1  1  1  1  1  1  1  1  1  1  1  1  1  1  1  1  1  1  1  1  1  1  1  1  1  1  1  1
Actor-Regular/56.png  1  1  1  1  1  1  1  1  1  1  1  1  1  1  1  1  1  1  1  1  1  1  1  1  1  1  1  1  1  1  1  1  1  1  1  1  1
Actor-Regular/57.png  1  1  1  1  1  1  1  1  1  1  1  1  1  1  1  1  1  1  1  1  1  1  1  1  1  1  1  1  1  1  1  1  1  1  1  1  1
Actor-Regular/58.png  1  1  1  1  1  1  1  1  1  1  1  1  1  1  1  1  1  1  1  1  1  1  1  1  1  1  1  1  1  1  1  1  1  1  1  1  1
Actor-Regular/59.png  1  1  1  1  1  1  1  1  1  1  1  1  1  1  1  1  1  1  1  1  1  1  1  1  1  1  1  1  1  1  1  1  1  1  1  1  1
Actor-Regular/60.png  1  1  1  1  1  1  1  1  1  1  1  1  1  1  1  1  1  1  1  1  1  1  1  1  1  1  1  1  1  1  1  1  1  1  1  1  1
Actor-Regular/61.png  1  1  1  1  1  1  1  1  1  1  1  1  1  1  1  1  1  1  1  1  1  1  1  1  1  1  1  1  1  1  1  1  1  1  1  1  1
Adamina-Regular/10.png  1  1  1  1  1  1  1  1  1  1  1  1  1  1  1  1  1  1  1  1  1  1  1  1  1  1  1  1  1  1  1  1  1  1  1  1  1
Adamina-Regular/11.png  1  1  1  1  1  1  1  1  1  1  1  1  1  1  1  1  1  1  1  1  1  1  1  1  1  1  1  1  1  1  1  1  1  1  1  1  1
Adamina-Regular/12.png  1  1  1  1  1  1  1  1  1  1  1  1  1  1  1  1  1  1  1  1  1  1  1  1  1  1  1  1  1  1  1  1  1  1  1  1  1
Adamina-Regular/13.png  1  1  1  1  1  1  1  1  1  1  1  1  1  1  1  1  1  1  1  1  1  1  1  1  1  1  1  1  1  1  1  1  1  1  1  1  1
Adamina-Regular/14.png  1  1  1  1  1  1  1  1  1  1  1  1  1  1  1  1  1  1  1  1  1  1  1  1  1  1  1  1  1  1  1  1  1  1  1  1  1
Adamina-Regular/15.png  1  1  1  1  1  1  1  1  1  1  1  1  1  1  1  1  1  1  1  1  1  1  1  1  1  1  1  1  1  1  1  1  1  1  1  1  1
Adamina-Regular/16.png  1  1  1  1  1  1  1  1  1  1  1  1  1  1  1  1  1  1  1  1  1  1  1  1  1  1  1  1  1  1  1  1  1  1  1  1  1
Adamina-Regular/17.png  1  1  1  1  1  1  1  1  1  1  1  1  1  1  1  1  1  1  1  1  1  1  1  1  1  1  1  1  1  1  1  1  1  1  1  1  1
Adamina-Regular/18.png  1  1  1  1  1  1  1  1  1  1  1  1  1  1  1  1  1  1  1  1  1  1  1  1  1  1  1  1  1  1  1  1  1  1  1  1  1
Adamina-Regular/19.png  1  1  1  1  1  1  1  1  1  1  1  1  1  1  1  1  1  1  1  1  1  1  1  1  1  1  1  1  1  1  1  1  1  1  1  1  1
Adamina-Regular/20.png  1  1  1  1  1  1  1  1  1  1  1  1  1  1  1  1  1  1  1  1  1  1  1  1  1  1  1  1  1  1  1  1  1  1  1  1  1
Adamina-Regular/21.png  1  1  1  1  1  1  1  1  1  1  1  1  1  1  1  1  1  1  1  1  1  1  1  1  1  1  1  1  1  1  1  1  1  1  1  1  1
Adamina-Regular/22.png  1  1  1  1  1  1  1  1  1  1  1  1  1  1  1  1  1  1  1  1  1  1  1  1  1  1  1  1  1  1  1  1  1  1  1  1  1
Adamina-Regular/23.png  1  1  1  1  1  1  1  1  1  1  1  1  1  1  1  1  1  1  1  1  1  1  1  1  1  1  1  1  1  1  1  1  1  1  1  1  1
Adamina-Regular/24.png  1  1  1  1  1  1  1  1  1  1  1  1  1  1  1  1  1  1  1  1  1  1  1  1  1  1  1  1  1  1  1  1  1  1  1  1  1
Adamina-Regular/25.png  1  1  1  1  1  1  1  1  1  1  1  1  1  1  1  1  1  1  1  1  1  1  1  1  1  1  1  1  1  1  1  1  1  1  1  1  1
Adamina-Regular/26.png  1  1  1  1  1  1  1  1  1  1  1  1  1  1  1  1  1  1  1  1  1  1  1  1  1  1  1  1  1  1  1  1  1  1  1  1  1
Adamina-Regular/27.png  1  1  1  1  1  1  1  1  1  1  1  1  1  1  1  1  1  1  1  1  1  1  1  1  1  1  1  1  1  1  1  1  1  1  1  1  1
Adamina-Regular/28.png  1  1  1  1  1  1  1  1  1  1  1  1  1  1  1  1  1  1  1  1  1  1  1  1  1  1  1  1  1  1  1  1  1  1  1  1  1
Adamina-Regular/29.png  1  1  1  1  1  1  1  1  1  1  1  1  1  1  1  1  1  1  1  1  1  1  1  1  1  1  1  1  1  1  1  1  1  1  1  1  1
Adamina-Regular/30.png  1  1  1  1  1  1  1  1  1  1  1  1  1  1  1  1  1  1  1  1  1  1  1  1  1  1  1  1  1  1  1  1  1  1  1  1  1
Adamina-Regular/31.png  1  1  1  1  1  1  1  1  1  1  1  1  1  1  1  1  1  1  1  1  1  1  1  1  1  1  1  1  1  1  1  1  1  1  1  1  1
Adamina-Regular/32.png  1  1  1  1  1  1  1  1  1  1  1  1  1  1  1  1  1  1  1  1  1  1  1  1  1  1  1  1  1  1  1  1  1  1  1  1  1
Adamina-Regular/33.png  1  1  1  1  1  1  1  1  1  1  1  1  1  1  1  1  1  1  1  1  1  1  1  1  1  1  1  1  1  1  1  1  1  1  1  1  1
Adamina-Regular/34.png  1  1  1  1  1  1  1  1  1  1  1  1  1  1  1  1  1  1  1  1  1  1  1  1  1  1  1  1  1  1  1  1  1  1  1  1  1
Adamina-Regular/35.png  1  1  1  1  1  1  1  1  1  1  1  1  1  1  1  1  1  1  1  1  1  1  1  1  1  1  1  1  1  1  1  1  1  1  1  1  1
Adamina-Regular/36.png  1  1  1  1  1  1  1  1  1  1  1  1  1  1  1  1  1  1  1  1  1  1  1  1  1  1  1  1  1  1  1  1  1  1  1  1  1
Adamina-Regular/37.png  1  1  1  1  1  1  1  1  1  1  1  1  1  1  1  1  1  1  1  1  1  1  1  1  1  1  1  1  1  1  1  1  1  1  1  1  1
Adamina-Regular/38.png  1  1  1  1  1  1  1  1  1  1  1  1  1  1  1  1  1  1  1  1  1  1  1  1  1  1  1  1  1  1  1  1  1  1  1  1  1
Adamina-Regular/39.png  1  1  1  1  1  1  1  1  1  1  1  1  1  1  1  1  1  1  1  1  1  1  1  1  1  1  1  1  1  1  1  1  1  1  1  1  1
Adamina-Regular/40.png  1  1  1  1  1  1  1  1  1  1  1  1  1  1  1  1  1  1  1  1  1  1  1  1  1  1  1  1  1  1  1  1  1  1  1  1  1
Adamina-Regular/41.png  1  1  1  1  1  1  1  1  1  1  1  1  1  1  1  1  1  1  1  1  1  1  1  1  1  1  1  1  1  1  1  1  1  1  1  1  1
Adamina-Regular/42.png  1  1  1  1  1  1  1  1  1  1  1  1  1  1  1  1  1  1  1  1  1  1  1  1  1  1  1  1  1  1  1  1  1  1  1  1  1
Adamina-Regular/43.png  1  1  1  1  1  1  1  1  1  1  1  1  1  1  1  1  1  1  1  1  1  1  1  1  1  1  1  1  1  1  1  1  1  1  1  1  1
Adamina-Regular/44.png  1  1  1  1  1  1  1  1  1  1  1  1  1  1  1  1  1  1  1  1  1  1  1  1  1  1  1  1  1  1  1  1  1  1  1  1  1
Adamina-Regular/45.png  1  1  1  1  1  1  1  1  1  1  1  1  1  1  1  1  1  1  1  1  1  1  1  1  1  1  1  1  1  1  1  1  1  1  1  1  1
Adamina-Regular/46.png  1  1  1  1  1  1  1  1  1  1  1  1  1  1  1  1  1  1  1  1  1  1  1  1  1  1  1  1  1  1  1  1  1  1  1  1  1
Adamina-Regular/47.png  1  1  1  1  1  1  1  1  1  1  1  1  1  1  1  1  1  1  1  1  1  1  1  1  1  1  1  1  1  1  1  1  1  1  1  1  1
Adamina-Regular/48.png  1  1  1  1  1  1  1  1  1  1  1  1  1  1  1  1  1  1  1  1  1  1  1  1  1  1  1  1  1  1  1  1  1  1  1  1  1
Adamina-Regular/49.png  1  1  1  1  1  1  1  1  1  1  1  1  1  1  1  1  1  1  1  1  1  1  1  1  1  1  1  1  1  1  1  1  1  1  1  1  1
Adamina-Regular/50.png  1  1  1  1  1  1  1  1  1  1  1  1  1  1  1  1  1  1  1  1  1  1  1  1  1  1  1  1  1  1  1  1  1  1  1  1  1
Adamina-Regular/51.png  1  1  1  1  1  1  1  1  1  1  1  1  1  1  1  1  1  1  1  1  1  1  1  1  1  1  1  1  1  1  1  1  1  1  1  1  1
Adamina-Regular/52.png  1  1  1  1  1  1  1  1  1  1  1  1  1  1  1  1  1  1  1  1  1  1  1  1  1  1  1  1  1  1  1  1  1  1  1  1  1
Adamina-Regular/53.png  1  1  1  1  1  1  1  1  1  1  1  1  1  1  1  1  1  1  1  1  1  1  1  1  1  1  1  1  1  1  1  1  1  1  1  1  1
Adamina-Regular/54.png  1  1  1  1  1  1  1  1  1  1  1  1  1  1  1  1  1  1  1  1  1  1  1  1  1  1  1  1  1  1  1  1  1  1  1  1  1
Adamina-Regular/55.png  1  1  1  1  1  1  1  1  1  1  1  1  1  1  1  1  1  1  1  1  1  1  1  1  1  1  1  1  1  1  1  1  1  1  1  1  1
Adamina-Regular/56.png  1  1  1  1  1  1  1  1  1  1  1  1  1  1  1  1  1  1  1  1  1  1  1  1  1  1  1  1  1  1  1  1  1  1  1  1  1
Adamina-Regular/57.png  1  1  1  1  1  1  1  1  1  1  1  1  1  1  1  1  1  1  1  1  1  1  1  1  1  1  1  1  1  1  1  1  1  1  1  1  1
Adamina-Regular/58.png  1  1  1  1  1  1  1  1  1  1  1  1  1  1  1  1  1  1  1  1  1  1  1  1  1  1  1  1  1  1  1  1  1  1  1  1  1
Adamina-Regular/59.png  1  1  1  1  1  1  1  1  1  1  1  1  1  1  1  1  1  1  1  1  1  1  1  1  1  1  1  1  1  1  1  1  1  1  1  1  1
Adamina-Regular/60.png  1  1  1  1  1  1  1  1  1  1  1  1  1  1  1  1  1  1  1  1  1  1  1  1  1  1  1  1  1  1  1  1  1  1  1  1  1
Adamina-Regular/61.png  1  1  1  1  1  1  1  1  1  1  1  1  1  1  1  1  1  1  1  1  1  1  1  1  1  1  1  1  1  1  1  1  1  1  1  1  1
